0.474342
0.777778
0.46291
0.6
0.8
0.251976
0.555556
0.447214
0.46291
0.319801
0.507093
0.507093
0.544331
0.790569
0.46291
0.125988
0.845154
0.46291
0.547723
0.5
0.166667
0.935414
0.566947
0.5
0.4
0.0
0.6
0.4
0.571429
0.5
0.5
0.547723
0.428571
0.308607
0.714286
0.617213
0.730297
0.5
0.46291
0.571429
0.46291
0.46291
0.298142
0.714286
0.617213
0.447214
0.547723
0.46291
0.833333
0.5
0.46291
0.365148
0.158114
0.223607
0.4
0.365148
0.381385
0.721688
0.771517
0.857143
0.0
0.316228
0.894427
0.154303
0.474342
0.308607
0.267261
0.707107
0.204124
0.572078
0.730297
0.447214
0.447214
0.547723
0.288675
0.5
0.258199
0.547723
0.169031
0.730297
0.288675
0.204124
0.471405
0.166667
0.6
0.547723
0.182574
0.534522
0.474342
0.516398
0.377964
0.365148
0.730297
0.288675
0.308607
0.782624
0.433013
0.356348
0.67082
0.78072
0.447214
0.182574
0.545545
0.272166
0.668153
0.408248
0.316228
0.144338
0.0
0.308607
0.6
0.223607
0.478091
0.612372
0.333333
0.5
0.833333
0.365148
0.566947
0.75
0.676123
0.4
0.507093
0.534522
0.308607
0.534522
0.629941
0.676123
0.0
0.377964
0.308607
0.507093
0.308607
0.333333
0.447214
0.857143
0.377964
0.544331
0.730297
0.816497
0.0
0.668153
0.771517
0.288675
0.285714
0.721688
0.801784
0.333333
0.92582
0.204124
0.204124
0.721688
0.365148
0.136083
0.668153
0.771517
0.612372
0.668153
0.544331
0.67082
0.428571
0.4
0.612372
0.478091
0.436436
0.875
0.142857
0.471405
0.2
0.4
0.0
0.503953
0.67082
0.894427
0.223607
0.377964
0.144338
0.721688
0.0
0.547723
0.833333
0.182574
0.612372
0.0
0.507093
0.816497
0.566947
0.0
0.0
0.251976
0.424264
0.507093
0.365148
0.632456
0.365148
0.169031
0.182574
0.158114
0.447214
0.471405
0.755929
0.285714
0.158114
0.353553
0.4
0.166667
0.4
0.8
0.288675
0.46291
0.617213
0.2
0.666667
0.666667
0.4
0.400892
0.5
0.365148
0.5
0.46291
0.571429
0.142857
0.308607
0.182574
0.833333
0.857143
0.4
0.4
0.57735
0.632456
0.377964
0.676123
0.714286
0.353553
0.801784
0.534522
0.547723
0.333333
0.0
0.676123
0.547723
0.46291
0.666667
0.714286
0.0
0.790569
0.676123
0.0
0.46291
0.6
0.0
0.4
0.547723
0.57735
0.596285
0.333333
0.4
0.912871
0.612372
0.474342
0.547723
0.100504
0.8
0.730297
0.935414
0.730297
0.676123
0.433013
0.617213
0.285714
0.771517
0.25
0.617213
0.507093
0.833333
0.408248
0.338062
0.894427
0.667424
0.507093
0.25
0.668153
0.223607
0.154303
0.308607
0.0
0.0
0.507093
0.571429
0.857143
0.0
0.0
0.46291
0.92582
0.25
0.338062
0.158114
0.365148
0.6
0.571429
0.730297
0.338062
1.0
0.4
0.755929
0.771517
0.843274
0.566947
0.46291
0.845154
0.308607
0.182574
0.75
0.338062
0.5
0.6
0.721688
0.5
0.4
0.816497
0.721688
0.447214
0.8
0.365148
0.547723
0.267261
0.428571
0.5
0.566947
0.182574
0.447214
0.308607
0.124035
0.333333
0.666667
0.0
0.25
0.0
0.288675
0.816497
0.632456
0.474342
0.547723
0.75
0.204124
0.288675
0.182574
0.547723
0.308607
0.308607
0.447214
0.617213
0.816497
0.169031
0.730297
0.676123
0.46291
0.365148
0.0
0.182574
0.730297
0.771517
0.8
0.428571
0.597614
0.629941
0.666667
0.285714
0.629941
0.365148
0.0
0.547723
0.2
0.365148
0.57735
0.707107
0.632456
0.4
0.507093
0.666667
0.400892
0.182574
0.617213
0.547723
0.894427
0.154303
0.547723
0.544331
0.777778
0.447214
0.507093
0.338062
0.365148
0.166667
0.547723
0.894427
0.668153
0.447214
0.617213
0.547723
0.857143
0.755929
0.534522
0.333333
0.433013
0.5
0.67082
0.845154
0.547723
0.4
0.617213
0.408248
0.5
0.267261
0.166667
0.333333
0.0
0.612372
0.176777
0.174078
0.447214
0.182574
0.154303
0.0
0.730297
0.534522
0.7
0.182574
0.272166
0.239046
0.612372
0.267261
0.507093
0.408248
0.894427
0.223607
0.6
0.288675
0.730297
0.857143
0.668153
0.288675
0.288675
0.333333
0.771517
0.433013
0.46291
0.4
0.771517
0.285714
0.730297
0.316228
0.169031
0.223607
0.629941
0.387298
0.182574
0.571429
0.447214
0.6
0.182574
0.288675
0.182574
0.25
0.5
0.5
0.433013
0.566947
0.507093
0.714286
0.444444
0.308607
0.5
0.676123
0.717137
0.714286
0.801784
0.571429
0.308607
0.0
0.824958
0.57735
0.400892
0.67082
0.774597
0.353553
0.676123
0.571429
0.676123
0.46291
0.730297
0.400892
0.816497
0.547723
0.5
0.46291
1.0
0.251976
0.676123
0.447214
0.666667
0.333333
0.57735
0.617213
0.547723
0.46291
0.666667
0.365148
0.365148
0.288675
0.333333
0.507093
0.771517
0.0
0.182574
0.755929
0.617213
0.5
0.365148
0.935414
0.625
0.400892
0.534522
0.365148
0.666667
0.133631
0.0
0.730297
0.5
0.204124
0.333333
0.5
0.67082
0.235702
0.75
0.46291
0.547723
0.308607
0.353553
0.288675
0.6
0.507093
0.2
0.833333
0.67082
0.617213
0.912871
0.566947
0.338062
0.400892
0.447214
0.566947
0.267261
0.408248
0.338062
0.267261
0.67082
0.653275
0.547723
0.223607
0.447214
0.0
0.4
0.6
0.204124
0.680414
0.447214
0.625
0.408248
0.182574
0.57735
0.833333
0.471405
0.534522
0.5
0.46291
0.204124
0.447214
0.169031
0.46291
0.46291
0.474342
0.57735
0.6
0.0
0.67082
0.617213
0.596285
0.589256
0.5
0.816497
0.801784
0.0
0.338062
0.571429
0.158114
0.6
0.572078
0.92582
0.5
0.544331
0.912871
0.166667
0.629941
0.92582
0.428571
0.447214
0.365148
0.727273
0.428571
0.5
0.316228
0.285714
0.534522
0.353553
0.387298
0.57735
0.182574
0.816497
0.333333
0.5
0.182574
0.67082
0.154303
0.912871
0.755929
0.668153
0.57735
0.833333
0.771517
0.571429
0.824958
0.668153
0.182574
0.666667
0.267261
0.333333
0.2
0.912871
0.629941
0.267261
0.182574
0.571429
0.285714
0.338062
0.333333
0.46291
0.534522
0.447214
0.547723
0.308607
0.408248
0.833333
0.338062
0.316228
0.433013
0.129099
0.547723
0.365148
0.117851
0.428571
0.507093
0.182574
0.5
0.666667
0.341882
0.547723
0.0
0.534522
0.5
0.866025
0.182574
0.365148
0.5
0.447214
0.547723
0.0
0.714286
0.547723
0.857143
0.894427
0.263117
0.617213
0.166667
0.0
0.0
0.133631
0.617213
0.547723
0.617213
0.57735
0.8
0.714286
0.169031
0.617213
0.288675
0.912871
0.0
0.288675
0.833333
0.629941
0.365148
0.507093
0.612372
0.668994
0.428571
0.125
0.158114
0.714286
0.5
0.4
0.428571
0.471405
0.408248
0.6
0.833333
0.338062
0.365148
0.0
0.676123
0.612372
0.57735
0.503953
0.534522
0.845154
0.387298
0.75
0.223607
0.547723
0.0
0.333333
0.166667
0.707107
0.447214
0.365148
0.617213
0.316228
0.251976
0.285714
0.0
0.771517
0.0
0.169031
0.154303
0.53033
0.358569
0.4
0.507093
0.142857
0.308607
